1, (3a):
6: 1543, 2826, 242, 3035, 2753, 2828, 2671, 435, 492, 1009, 2389, 2078, 1014, 1365, 1234, 530, 3188, 531, 888, 1186

9: 3068, 2372, 2345, 2407, 2138, 2311, 1387, 3150, 1341, 2479, 1462, 1324, 1572, 1959, 1844, 435, 2776, 2317, 2198, 2151

22: 2341, 2924, 3166, 1769, 2632, 2203, 1711, 1680, 1747, 3143, 2114, 2931, 2991, 1805, 2299, 1926, 2059, 2357, 3094, 1726

1, (3b):
6: 136, 356, 740, 1543, 1397, 1517, 1009, 3035, 2671, 2828, 1755, 242, 2753, 2078, 2826, 1046, 254, 616, 964, 2389

9: 1685, 2776, 2951, 1695, 2614, 2949, 2371, 2197, 1261, 2515, 2969, 1611, 1723, 3158, 1688, 2372, 1687, 1690, 2088, 3068

22: 1889, 1769, 1589, 1711, 2357, 2931, 1747, 1680, 1726, 2299, 2632, 2707, 3143, 2114, 2203, 2743, 1947, 2879, 2631, 2313

2, (3a):
2, (3b):

3, (3a):
3, (3b):